% Farmacias 3
:-use_module(library(clpfd)).

:-dynamic(farmacia/5).
:-dynamic(distTime/1).
%farmacia(+Name, +Id, +Volume_Encomenda, horainicio, horafim).
farmacia("Sede",  0,  0, 10, 22).
farmacia("Farm1",  1, 10, 10, 22).
farmacia("Farm2",  2, 40, 10, 22).
farmacia("Farm3",  3, 25, 10, 22).
farmacia("Farm4",  4, 15, 10, 22).
farmacia("Farm5",  5,  5, 10, 22).
farmacia("Farm6",  6, 35, 10, 22).
farmacia("Farm7",  7, 20, 10, 22).
farmacia("Farm8",  8, 30, 10, 22).
farmacia("Farm9",  9, 15, 10, 22).
farmacia("Farm10", 10, 20, 10, 22).
farmacia("Farm11", 11, 15, 10, 22).
farmacia("Farm12", 12, 49, 10, 22).
farmacia("Farm13", 13, 22, 10, 22).
farmacia("Farm14", 14, 17, 10, 22).
farmacia("Farm15", 15,  6, 10, 22).
%farmacia("Farm20", 20, 18, 10, 22).

%dist(+Id1, +Id2, +Time_Dist).

distTime([
     0, 20, 15, 30, 47, 28, 60, 30, 24, 58, 19, 32, 45, 32, 57, 14,
    20,  0,  2, 32, 23, 43, 40, 46, 55, 51, 39, 60, 20, 32, 13, 42,
    15,  2,  0,  3, 35, 26,  4, 23, 10, 46, 35, 51, 28, 57, 15,  8,
    30, 32,  3,  0, 21, 60, 11, 31,  5, 39, 54, 15, 40, 14, 40, 18,
    47, 23, 35, 21,  0, 42, 55,  1, 22, 17, 29, 30, 51, 56, 18, 44,
    28, 43, 26, 60, 42,  0, 19, 21, 32, 44, 17, 10,  9, 20,  4, 59,
    60, 40,  4, 11, 55, 19,  0,  8, 53, 13, 14,  8, 47, 59, 51, 19,
    30, 46, 23, 31,  1, 21,  8,  0, 28, 32, 37, 17, 50, 46, 25, 46,
    24, 55, 10,  5, 22, 32, 53, 28,  0, 20, 52, 38, 37, 18, 13, 44,
    58, 51, 46, 39, 17, 44, 13, 32, 20,  0, 47,  6, 60, 14, 32, 56,
    19, 39, 35, 54, 29, 17, 14, 37, 52, 47,  0, 38,  5, 60,  2, 13,
    32, 60, 51, 15, 30, 10,  8, 17, 38,  6, 38,  0, 33, 46,  6, 25,
    45, 20, 28, 40, 51,  9, 47, 50, 37, 60,  5, 33,  0, 43, 14,  9,
    32, 32, 57, 14, 56, 20, 59, 46, 18, 14, 60, 46, 43,  0, 28, 10,
    57, 13, 15, 40, 18,  4, 51, 25, 13, 32,  2,  6, 14, 28,  0, 24,
    14, 42,  8, 18, 44, 59, 19, 46, 44, 56, 13, 25,  9, 10, 24,  0
    ]).

% carrinha(+ID, +LIM).
% carrinha(0, 20).
% carrinha(1, 50).
% carrinha(2, 30).
% carrinha(3, 100).
% carrinha(4, 60).
% carrinha(5, 10).
% carrinha(6, 150).
% carrinha(7, 65).
% carrinha(8, 45).
%
%carteiro(L, D):-
%    length(L, 10),                              %ordem de visita
%    domain(L, 1, 10),
%    all_distinct(L),
%    element(10, L, 6),
%    dist(L, D),
%    labeling([minimize(D)], L).
%
%dist([_], 0).
%
%dist([A, B|T], D):-
%    dist([B | T], D2),
%    D#=D2 + abs(B-A).

